.Random.seed <-
c(403L, 11L, -734805656L, 185516395L, 1108701961L, 130082200L, 
446158022L, 1547906593L, 1641844403L, 285504546L, -912462316L, 
748593815L, -959251315L, 1800974756L, 2099288970L, -32901131L, 
1380922959L, 532992342L, -717276160L, 356676931L, 1202026721L, 
1593676368L, 1546448558L, 887241305L, -1786920341L, -1653200934L, 
-1946105700L, -966669665L, 924772597L, 1625731468L, -2063975326L, 
-1292547011L, 404192951L, 2018811230L, -1192098664L, -1640075269L, 
-1751468647L, -1435515352L, -1061912874L, -1329783983L, 72891907L, 
955163026L, -933429468L, 10088935L, 2067717693L, -1784149836L, 
-564568294L, -157182875L, -990716673L, -761115258L, 2085716752L, 
-2095687757L, 1225538641L, -1949966336L, -899051298L, 239872809L, 
-1372055845L, -1770453526L, -1860219508L, 999629519L, 1758502533L, 
-2082013892L, 1752252434L, -1873055987L, -1584395193L, -1702969810L, 
2073610120L, 955863691L, -850090903L, 636913720L, -363495194L, 
1565378689L, -204853229L, -1336674366L, -167538572L, 1696556663L, 
-426084499L, -622155772L, -1239579862L, -550733675L, 1929357103L, 
1148522038L, 510728800L, 1419962531L, 1967147969L, -216070224L, 
-2054081842L, 1598263353L, 1708803659L, -1434334214L, 1279293180L, 
1284447039L, -647228395L, -1954705620L, 420946946L, -1354496291L, 
-1169869353L, 333643966L, -1308445960L, -1690461989L, -192566471L, 
1489673864L, -596866506L, -788184463L, -1609828189L, -1967779342L, 
-738000572L, -422110713L, 2077599709L, -1438121772L, 1560322042L, 
544970565L, -1519529057L, -1346750170L, 493210032L, 1937179219L, 
-1715573391L, 1947122848L, -322266050L, -941763767L, 1312580091L, 
-1644739126L, 1609370412L, -689069265L, 2106694117L, -451492708L, 
1982279922L, 1284671853L, -1312692569L, 755255502L, -1749645784L, 
1969524267L, 1923155017L, -676874920L, 700820486L, -170865183L, 
-720930957L, -244493342L, -1493419180L, -1362061737L, 1092480589L, 
1589854692L, -2075223094L, 1464458805L, 871572623L, 1808043414L, 
1207038272L, -1340306429L, -1341100511L, -169354992L, -2106468626L, 
23636633L, -1708244181L, -982864358L, -1440660260L, -385296161L, 
1052194485L, 1747906636L, -11588446L, -1330095107L, -667997961L, 
-1905856994L, -1429790504L, -626097093L, -565334567L, -367633560L, 
-1459857770L, -1122889711L, 279163331L, -1492288046L, -457198492L, 
464216999L, -986821379L, 869574900L, -994738214L, 1519735589L, 
813908543L, -153146L, 436846160L, 244380275L, 1770817169L, -1495368000L, 
-241334114L, 1738810473L, 624431259L, 556274090L, -733402676L, 
-124107633L, 1659264197L, 587926652L, 263274706L, 1756012621L, 
857045255L, 593652974L, -1268595256L, 80456395L, -2005871831L, 
1286730616L, 147024038L, 2008330945L, -481967277L, -1612820478L, 
-1528775372L, -1706101065L, 71469741L, 661146564L, -592587798L, 
-1328620459L, -450739729L, 15895030L, 1396133664L, 1144996067L, 
-1788037759L, -1883761680L, -1067689330L, -24482311L, 852955019L, 
986680250L, 1877865148L, -2056066561L, -1507051691L, 501567596L, 
-682392382L, 351989533L, 35005847L, 1794299134L, -906117448L, 
1284382875L, -1659023623L, -1507279924L, -304482080L, 1264300066L, 
-1444008664L, 214715916L, -330650820L, 2057954290L, -1462169872L, 
-1189211580L, -1986916776L, -1508560070L, -954949136L, 2038939324L, 
1022610708L, 1848858306L, -1480517536L, -170145924L, -1076597808L, 
345148706L, -1225222488L, 845818764L, -969270084L, -1768028366L, 
2008881728L, -1559568204L, 138234440L, 335383994L, -1033756144L, 
-188999956L, 152745300L, 1673377042L, -560113248L, -1409075508L, 
1882279520L, -751895614L, 1239362344L, -2131526740L, 806698812L, 
1166974322L, -1552380112L, -841861852L, -469204168L, 1606696666L, 
2006477712L, -1122477316L, 569197460L, -1983864766L, 1428848896L, 
1406934076L, 2125944144L, 1696690338L, 686597448L, -1238873332L, 
-470013220L, -1539862190L, 1353435264L, -1995363244L, -2100706328L, 
360144122L, 1012432720L, 1532786476L, 1997716852L, -1365966958L, 
945298528L, 1996424588L, -486182048L, -684141086L, -522468440L, 
-1725347636L, -586869764L, -1704607310L, 730983920L, -2014969916L, 
-1527477928L, -1082524294L, 1353557936L, -182600260L, 1859220564L, 
1905006530L, -907016160L, 1090257084L, -241306032L, 1339783138L, 
1718114408L, -1257473972L, -1284217604L, 1004742642L, 1277943040L, 
1368655220L, -1258176504L, -1838439494L, 591775184L, 1108918252L, 
605308308L, -1821048366L, -1465296544L, -1939236020L, 345481504L, 
-557414526L, -1408663832L, -742102804L, 143738940L, -846811278L, 
1825263216L, -369693660L, 2005098296L, 1528327322L, 1881526992L, 
470831292L, -1120817516L, -1239011710L, 2053349568L, 380282684L, 
-969207664L, -923554270L, -1132090360L, -1160803060L, 1811229852L, 
869347858L, 1019736960L, 1009079828L, 2122542632L, 2094980410L, 
734399952L, 1715365996L, -738998988L, -1325831534L, -1852371104L, 
-682496180L, -1889450016L, 1218804642L, 2125159336L, 598931852L, 
1789525180L, -1191337614L, 1289324784L, -824870844L, 861578584L, 
1075333690L, -1197584528L, -724554692L, -668490988L, 87311810L, 
-1406472480L, 1286695804L, 1306047184L, -1728017246L, 208035880L, 
-816514804L, -1032336452L, -157737678L, 1624539584L, -378054092L, 
443609032L, 1149066426L, -1263603312L, -281460244L, 906008148L, 
-871967598L, 1421566752L, -1995464244L, 1419204064L, -1422801214L, 
1647560744L, -2023197012L, 459301052L, 19389938L, 1388309808L, 
-2141993820L, -2123113800L, -486975142L, -2111780464L, -1100970116L, 
-268211948L, 1567792962L, 1453305600L, 2093294524L, -2074922160L, 
1228676898L, 20637000L, -46911988L, -649242532L, 1360761042L, 
-166015488L, -1616866988L, 1085439464L, 1428388858L, -1457644336L, 
2145622316L, -255170828L, 1443233170L, -1277140896L, -1617382132L, 
-37135648L, -1509540510L, -1206328664L, 1751657036L, -255298180L, 
-403449550L, 1499327600L, -95696060L, 965198296L, 751604858L, 
-296327632L, -1034992964L, 1742984020L, -604688318L, -318576224L, 
224933564L, -133513776L, -1449894558L, 918136808L, -1587400756L, 
666428156L, 292206066L, -669496192L, 1828903156L, 1955125896L, 
-123253958L, -1013012656L, -1903617428L, -515917676L, 1055785298L, 
-492693792L, -577468724L, -1122858848L, -2116204670L, 815652204L, 
-1196341894L, -1505122641L, -738865735L, -963653682L, -644284644L, 
-1200378227L, -726675721L, 315195904L, -1201501090L, 153481003L, 
-225395667L, -828232550L, 454484056L, -1272592447L, -1888171917L, 
1239998868L, -1839468510L, -280553673L, -1477797375L, -912055546L, 
-1511493820L, 485802613L, 215249887L, 761788216L, 1157951766L, 
-873861853L, -393281819L, 1852753666L, 1192914288L, -1551897319L, 
-2134973173L, 450250236L, 1800003114L, 621741663L, 597595625L, 
1978484478L, 819476204L, -888781251L, -1583057401L, 671668720L, 
-618444402L, -589422661L, 1402702237L, 1337149258L, 245693288L, 
1168244049L, 1637469763L, -1760857276L, 352210930L, -1850782265L, 
2134954897L, 48089878L, -66863244L, 1389592069L, 268510799L, 
902373960L, -1571425306L, -1209082605L, 1067635317L, -1778892718L, 
146797216L, 1832320905L, 1312168891L, -1683301364L, -1249654374L, 
309070095L, -1284999335L, 472439278L, -788364164L, 522756333L, 
714942359L, 419496032L, -1019944386L, 1669423883L, 852433293L, 
653091514L, 2024302840L, -1432873311L, -565350829L, -1633332876L, 
-1752496382L, -853430377L, 2138087777L, 984164774L, -308876380L, 
-1360538027L, 179820287L, -1962132584L, -1255392074L, 2080643395L, 
6836357L, -897914590L, 575592976L, 1515372985L, -1480347029L, 
1694100828L, 1420336266L, 1639855231L, -1762345527L, 703739486L, 
293385484L, 34681053L, 1318682087L, 754361872L, 1431911214L, 
-1508007973L, 2122932413L, -220231126L, -932251960L, 1109193713L, 
1422112099L, -2091938460L, -1013043054L, 1445438823L, -2140782799L, 
2684022L, 370298260L, -639133275L, 2001679023L, -1968376984L, 
278417222L, -2012465421L, 39295061L, -58219470L, -1492712960L, 
883225321L, -1452185253L, 666010540L, -416325702L, -947005073L, 
335590137L, -1251361906L, 138790492L, 285054157L, 2065742903L, 
2027525824L, 251597214L, -441111957L, -193728019L, 1718878298L, 
-1043345640L, -459549567L, -1878150605L, -1648963500L, 239539298L, 
